k1	mu	t	BS	1sig	UL	Ntri
0.005365632214453292	0.55	0.95	-15925266078.200233	3253.7693866110235	15925272585.739008	3426.0
0.007903515189167546	0.85	0.65	1055290587063.5475	21159.0021052523	1055290629381.5516	3811.0
0.007903515189167546	0.55	0.95	5977497152.948629	42067.525067729686	5977581287.998765	2376.0
0.007903515189167546	0.85	0.95	233242154183.3744	31688.92317907352	233242217561.22073	3146.0
0.011641787928948977	0.65	0.75	7188148813819.982	267589.64317152457	7188149348999.2705	3050.0
0.011641787928948977	0.95	0.75	6607388694012.306	122760.72667552861	6607388939533.761	4207.0
0.011641787928948977	0.55	0.95	5484710676115.812	350249.3012738858	5484711376614.414	2898.0
0.011641787928948977	0.75	0.95	6369991412600.463	124639.20346248223	6369991661878.87	10512.0
0.011641787928948977	0.95	0.95	8493718430.723648	106827.63405182904	8493932085.991753	24362.0
0.017148221131829972	0.75	0.65	28978189786095.797	1008534.8735189358	28978191803165.543	11586.0
0.017148221131829972	0.95	0.65	35874215342361.21	2056729.2046928662	35874219455819.61	4052.0
0.017148221131829972	0.65	0.75	23782494818168.707	2117299.589231527	23782499052767.89	11932.0
0.017148221131829972	0.75	0.75	17220513025501.947	959112.9152557119	17220514943727.773	32944.0
0.017148221131829972	0.85	0.75	44457616821610.83	1130845.19722113	44457619083301.23	11290.0
0.017148221131829972	0.95	0.75	39533332976071.88	1796044.3534832404	39533336568160.6	4227.0
0.017148221131829972	0.65	0.85	39518635340096.85	1467160.441923021	39518638274417.75	18698.0
0.017148221131829972	0.75	0.85	28239267521969.86	950442.3408074366	28239269422854.535	24103.0
0.017148221131829972	0.85	0.85	27682446031523.332	962791.4019713798	27682447957106.133	33075.0
0.017148221131829972	0.95	0.85	39782165223163.06	714272.9622902402	39782166651708.99	35951.0
0.017148221131829972	0.55	0.95	26004048041641.215	1444042.7680600055	26004050929726.746	23964.0
0.017148221131829972	0.65	0.95	27788589617028.41	682296.0906310817	27788590981620.59	41188.0
0.017148221131829972	0.75	0.95	26107112109690.844	1194419.1271810082	26107114498529.094	32326.0
0.017148221131829972	0.85	0.95	13549146634767.994	1463380.660556346	13549149561529.32	28988.0
0.017148221131829972	0.95	0.95	7701469651221.389	791051.467010851	7701471233324.322	30640.0
0.02525913457458832	0.85	0.55	33691829597569.77	18583559.089369733	33691866764687.957	19384.0
0.02525913457458832	0.95	0.55	85046315596211.28	5650439.522722297	85046326897090.36	73885.0
0.02525913457458832	0.75	0.65	164247038763068.8	8066140.001776065	164247054895348.8	51982.0
0.02525913457458832	0.85	0.65	195345107934671.28	4223136.655181719	195345116380944.53	136448.0
0.02525913457458832	0.95	0.65	219062276994771.78	5500076.280090511	219062287994924.38	60065.0
0.02525913457458832	0.65	0.75	203257715067907.25	9196518.448125377	203257733460944.16	41482.0
0.02525913457458832	0.75	0.75	203845438007472.8	5588214.783416109	203845449183902.38	69018.0
0.02525913457458832	0.85	0.75	160108410844181.56	4864457.625198299	160108420573096.84	85376.0
0.02525913457458832	0.95	0.75	221931818433353.66	8721148.830458766	221931835875651.34	31734.0
0.02525913457458832	0.55	0.85	187628003141832.8	12241980.082689235	187628027625792.94	31014.0
0.02525913457458832	0.65	0.85	223292480741097.88	7369480.275197684	223292495480058.4	71202.0
0.02525913457458832	0.75	0.85	180378218200534.97	6544665.345627146	180378231289865.62	87365.0
0.02525913457458832	0.85	0.85	148419423320080.53	4683714.933978859	148419432687510.4	106815.0
0.02525913457458832	0.95	0.85	166537665002211.97	5538326.776627855	166537676078865.6	68289.0
0.02525913457458832	0.55	0.95	168224161560447.88	7866297.19822911	168224177293042.3	65634.0
0.02525913457458832	0.65	0.95	187579228491790.47	7652149.831129162	187579243796090.16	90082.0
0.02525913457458832	0.75	0.95	170568292903455.12	5634170.76755873	170568304171796.66	98444.0
0.02525913457458832	0.85	0.95	164708888680723.22	5233138.784318785	164708899147000.78	164258.0
0.02525913457458832	0.95	0.95	93905270588386.78	4036117.442304094	93905278660621.66	200344.0
0.03720641777081378	0.85	0.55	1218766227145572.5	95089930.64280097	1218766417325433.8	53172.0
0.03720641777081378	0.95	0.55	1202024063396937.0	60605449.30885222	1202024184607835.2	97986.0
0.03720641777081378	0.75	0.65	955114497727180.6	72491137.08566199	955114642709454.9	74122.0
0.03720641777081378	0.85	0.65	662876262430501.9	39328569.869556084	662876341087641.6	223755.0
0.03720641777081378	0.95	0.65	430819509599364.75	24940424.51074652	430819559480213.9	457139.0
0.03720641777081378	0.65	0.75	1188199516997772.8	63026896.00711527	1188199643051564.2	102630.0
0.03720641777081378	0.75	0.75	1030574161089206.5	38720119.03578577	1030574238529444.5	264126.0
0.03720641777081378	0.85	0.75	755115529331195.6	34318270.261825226	755115597967736.1	413992.0
0.03720641777081378	0.95	0.75	811985993518063.1	25140534.11130877	811986043799131.6	465205.0
0.03720641777081378	0.55	0.85	1016798410715709.1	164917271.63085723	1016798740550252.1	28502.0
0.03720641777081378	0.65	0.85	946444664035243.6	48130723.7390912	946444760296690.9	217356.0
0.03720641777081378	0.75	0.85	907577689272864.4	33010561.996854343	907577755293988.2	339084.0
0.03720641777081378	0.85	0.85	804477148761493.9	28160392.915146176	804477205082279.9	412127.0
0.03720641777081378	0.95	0.85	970799436372600.8	28438970.73459595	970799493250542.0	364982.0
0.03720641777081378	0.55	0.95	907514238614656.0	49287073.823382504	907514337188803.6	182854.0
0.03720641777081378	0.65	0.95	965141444514538.1	37367138.34833225	965141519248814.8	248692.0
0.03720641777081378	0.75	0.95	1012928096486708.1	33592619.34558982	1012928163671947.1	335280.0
0.03720641777081378	0.85	0.95	891353139808568.8	40290318.068563595	891353220389204.8	424768.0
0.03720641777081378	0.95	0.95	872058421376727.9	20808536.646262795	872058462993801.1	795743.0
0.05480462995470181	0.85	0.55	8743945453073709.0	523331137.969409	8743946499735986.0	226718.0
0.05480462995470181	0.95	0.55	6605465780188195.0	158004098.9403551	6605466096196393.0	1177830.0
0.05480462995470181	0.75	0.65	7077802968858908.0	348769042.3642281	7077803666396993.0	505186.0
0.05480462995470181	0.85	0.65	5790152662320378.0	169666680.45098245	5790153001653740.0	1426787.0
0.05480462995470181	0.95	0.65	5132423574036790.0	131998207.55948523	5132423838033205.0	2243945.0
0.05480462995470181	0.65	0.75	5532916818545829.0	266880861.13033724	5532917352307551.0	599382.0
0.05480462995470181	0.75	0.75	5395940366356441.0	196619682.25462312	5395940759595808.0	1614039.0
0.05480462995470181	0.85	0.75	6512494325904177.0	182438450.30090213	6512494690781079.0	1976017.0
0.05480462995470181	0.95	0.75	5285062400665822.0	108548013.07510202	5285062617761846.0	3197629.0
0.05480462995470181	0.55	0.85	4536381610832043.0	364120289.1391734	4536382339072621.0	464526.0
0.05480462995470181	0.65	0.85	3254039567832918.0	140550440.57467014	3254039848933798.5	2216914.0
0.05480462995470181	0.75	0.85	4034117523512950.0	137310396.95885512	4034117798133744.5	2324339.0
0.05480462995470181	0.85	0.85	5879998942802965.0	139527233.693525	5879999221857431.0	3050093.0
0.05480462995470181	0.95	0.85	7584508821971333.0	89006723.51464014	7584508999984782.0	4883314.0
0.05480462995470181	0.55	0.95	3424754037353721.0	172016690.59893563	3424754381387102.0	2588688.0
0.05480462995470181	0.65	0.95	2968582837284798.0	129856736.22222272	2968583096998269.5	3325194.0
0.05480462995470181	0.75	0.95	4096111140739138.0	123437213.25615212	4096111387613565.0	3304316.0
0.05480462995470181	0.85	0.95	6358163080977456.0	127997261.52800481	6358163336971979.0	4218884.0
0.05480462995470181	0.95	0.95	8960051957589806.0	69322587.87761985	8960052096234982.0	8964264.0
0.08072659622792022	0.85	0.55	4.541672293131807e+16	1958268005.6644018	4.541672684785409e+16	1656434.0
0.08072659622792022	0.95	0.55	4.4939382683352e+16	975877177.5672678	4.493938463510635e+16	6719154.0
0.08072659622792022	0.75	0.65	2.1643133343551144e+16	1319854233.6045613	2.164313598325962e+16	4169590.0
0.08072659622792022	0.85	0.65	3.1164501636254696e+16	756371105.073172	3.1164503148996904e+16	11252657.0
0.08072659622792022	0.95	0.65	3.4561430285483156e+16	555322061.3034804	3.456143139612728e+16	10639805.0
0.08072659622792022	0.65	0.75	1.646795105045779e+16	1011577966.7362415	1.6467953073613724e+16	4908642.0
0.08072659622792022	0.75	0.75	1.2340789902618374e+16	568369962.5214177	1.2340791039358304e+16	15903119.0
0.08072659622792022	0.85	0.75	1.8718872502263212e+16	712865462.4928365	1.8718873927994136e+16	15828065.0
0.08072659622792022	0.95	0.75	3.053574633446993e+16	487636059.9796802	3.053574730974205e+16	20694193.0
0.08072659622792022	0.55	0.85	1.173395816908605e+16	1603163190.3753366	1.1733961375412434e+16	3603498.0
0.08072659622792022	0.65	0.85	7835070206368426.0	702205296.274794	7835071610779021.0	17758482.0
0.08072659622792022	0.75	0.85	9230940540097078.0	581282036.2611614	9230941702661150.0	17509855.0
0.08072659622792022	0.85	0.85	1.566709737676495e+16	610920202.2127854	1.5667098598605356e+16	18890221.0
0.08072659622792022	0.95	0.85	3.500277245553297e+16	470264865.11334044	3.5002773396062704e+16	31466938.0
0.08072659622792022	0.55	0.95	1.450034379646251e+16	623658814.3043727	1.4500345043780138e+16	14358218.0
0.08072659622792022	0.65	0.95	8792918716738641.0	645462731.8813457	8792920007664105.0	19797968.0
0.08072659622792022	0.75	0.95	8044271234553952.0	479060184.19046074	8044272192674322.0	21120368.0
0.08072659622792022	0.85	0.95	1.7874099867516732e+16	583446412.3180462	1.7874101034409552e+16	21630680.0
0.08072659622792022	0.95	0.95	4.852186092264689e+16	409233311.6114035	4.852186174111353e+16	44901076.0
0.11890935754756565	0.85	0.55	1.2114981746340811e+17	10508394359.405092	1.2114983848019683e+17	7678208.0
0.11890935754756565	0.95	0.55	1.302355165498876e+17	4140140502.1740575	1.302355248301686e+17	32482133.0
0.11890935754756565	0.75	0.65	2.134837451539222e+16	7926248113.622141	2.1348390367888444e+16	16284646.0
0.11890935754756565	0.85	0.65	3.4985184215769788e+16	3912758847.7431636	3.498519204128749e+16	51654036.0
0.11890935754756565	0.95	0.65	5.474958460624299e+16	2856908855.2520475	5.474959032006068e+16	60138766.0
0.11890935754756565	0.65	0.75	1.4901173523673506e+16	9885978950.585249	1.4901193295631408e+16	14568376.0
0.11890935754756565	0.75	0.75	1.2379100305080112e+16	4707354093.392619	1.2379109719788296e+16	45653316.0
0.11890935754756565	0.85	0.75	1.844481735483117e+16	4197952415.8797603	1.8444825750735996e+16	61381404.0
0.11890935754756565	0.95	0.75	3.3503751663453056e+16	2907384294.7866483	3.3503757478221636e+16	79549858.0
0.11890935754756565	0.55	0.85	1.6669767516575476e+16	46434474416.35022	1.6669860385524306e+16	2644404.0
0.11890935754756565	0.65	0.85	1.2019256471076542e+16	7856367123.555043	1.201927218381079e+16	26850099.0
0.11890935754756565	0.75	0.85	1.03347523986826e+16	6433734735.040306	1.033476526615207e+16	42817509.0
0.11890935754756565	0.85	0.85	1.1547887031971534e+16	4359453562.895255	1.1547895750878662e+16	58780289.0
0.11890935754756565	0.95	0.85	2.6905903815350244e+16	2524680573.9632387	2.6905908864711376e+16	86382808.0
0.11890935754756565	0.55	0.95	1.0674288419719168e+16	36967754735.8237	1.0674362355228644e+16	9785432.0
0.11890935754756565	0.65	0.95	1.1839657397658764e+16	12653464163.064962	1.183968270458709e+16	22971604.0
0.11890935754756565	0.75	0.95	1.4361894111515786e+16	6094142406.311492	1.4361906299800596e+16	39527248.0
0.11890935754756565	0.85	0.95	1.0965399016360216e+16	3440849274.650617	1.0965405898058764e+16	64798922.0
0.11890935754756565	0.95	0.95	3.4510084038169012e+16	2524164746.8570914	3.451008908649851e+16	98139024.0
0.1751521304385743	0.85	0.55	5.523688993960373e+16	71029439159.03201	5.523703199848203e+16	21611052.0
0.1751521304385743	0.95	0.55	1.73905289064133e+17	21965562085.821457	1.7390533299525712e+17	141681938.0
0.1751521304385743	0.75	0.65	2.2776319986796828e+16	111848515809.84976	2.2776543683828436e+16	20594094.0
0.1751521304385743	0.85	0.65	4.563997018127681e+16	32099229346.961292	4.564003437973549e+16	113710693.0
0.1751521304385743	0.95	0.65	8.331324400733214e+16	16443820616.268652	8.331327689497339e+16	236771288.0
0.1751521304385743	0.65	0.75	2.2198775226838436e+16	481823958193.5972	2.2199738874754816e+16	7572284.0
0.1751521304385743	0.75	0.75	1.846934671419046e+16	95649412357.2593	1.8469538013015184e+16	41437988.0
0.1751521304385743	0.85	0.75	3.278503444027234e+16	34884689460.54312	3.2785104209651264e+16	111604102.0
0.1751521304385743	0.95	0.75	5.70239821972883e+16	16781475117.863697	5.702401576023854e+16	259418791.0
0.1751521304385743	0.75	0.85	2.0318491850917988e+16	301368837782.291	2.031909458859356e+16	28074204.0
0.1751521304385743	0.85	0.85	3.204118162580037e+16	42654658137.3046	3.2041266935116628e+16	100729246.0
0.1751521304385743	0.95	0.85	4.3464364195059064e+16	16333882468.560902	4.346439686282399e+16	291434077.0
0.1751521304385743	0.85	0.95	4.2664580008137656e+16	47433032521.193535	4.266467487420269e+16	87595828.0
0.1751521304385743	0.95	0.95	9.042009551079187e+16	13961791346.203556	9.042012343437456e+16	312970542.0
0.25799709484511807	0.85	0.55	4385757507464079.5	785539221610.5267	4387328585907299.0	34344278.0
0.25799709484511807	0.95	0.55	6599237858577583.0	108003553718.323	6599453865685021.0	485106202.0
0.25799709484511807	0.85	0.65	7599574088037363.0	517207742342.06525	7600608503522047.0	122720284.0
0.25799709484511807	0.95	0.65	7872882047431215.0	90392700905.4669	7873062832833027.0	706858282.0
0.25799709484511807	0.85	0.75	1.557449322841789e+16	1027198729088.9641	1.5576547625876066e+16	85140406.0
0.25799709484511807	0.95	0.75	9381463961357126.0	100449348214.4261	9381664860053554.0	760888522.0
0.25799709484511807	0.95	0.85	1.089969495483132e+16	107298287046.62901	1.089990955140541e+16	781337900.0
0.25799709484511807	0.95	0.95	1.3148381966953066e+16	89971242545.12549	1.3148561909438156e+16	798013444.0
0.3800267846120449	0.95	0.55	3147095704332596.0	627077905014.4722	3148349860142625.0	1419034732.0
0.3800267846120449	0.95	0.65	-2144762452200134.2	791443011520.87	2146345338223175.5	1745906910.0
0.3800267846120449	0.95	0.75	-8117013941348075.0	761011107371.678	8118535963562818.0	1763478982.0
0.3800267846120449	0.95	0.85	-2.1375504366508464e+16	586156185586.2562	2.1376676678879636e+16	1768549060.0
0.3800267846120449	0.95	0.95	-3.528471646929494e+16	651880663420.8152	3.5286020230621788e+16	1773487484.0
0.5597751288992946	0.95	0.55	6.762186798518806e+16	4695743917124.381	6.76312594730223e+16	3444844818.0
0.5597751288992946	0.95	0.65	-2.5108557319685428e+16	4605457372153.619	2.511776823442973e+16	3820977324.0
0.5597751288992946	0.95	0.75	-2.8726171047098024e+16	4397633912951.651	2.8734966314923916e+16	3810329356.0
0.5597751288992946	0.95	0.85	-1.7626538517927096e+16	4054071707989.314	1.7634646661343072e+16	3798818718.0
0.5597751288992946	0.95	0.95	6.2160211172738664e+16	4244512132369.3223	6.216870019700341e+16	3800125756.0
0.8245423944370325	0.95	0.55	5.1708163131330643e+17	31254096313731.598	5.171441395059339e+17	7762034916.0
0.8245423944370325	0.95	0.65	-2778082890922862.0	32813022523232.176	2843708935969327.5	8126878550.0
0.8245423944370325	0.95	0.75	-2.5024986023855517e+17	30280792574732.387	2.503104218237047e+17	8109772432.0
0.8245423944370325	0.95	0.85	-1.6654746930539728e+17	27051114061427.297	1.6660157153352013e+17	8115806462.0
0.8245423944370325	0.95	0.95	-2.154794022697399e+17	31270395797806.836	2.155419430613355e+17	8070960142.0
1.2145415634324581	0.95	0.55	-8.209146966855287e+17	249864824475910.53	8.214144263344805e+17	17388452072.0
1.2145415634324581	0.95	0.65	3.873996336051222e+17	215486084984313.4	3.8783060577509075e+17	17728349566.0
1.2145415634324581	0.95	0.75	-5.960138044732166e+17	183404219066650.88	5.963806129113499e+17	17719157244.0
1.2145415634324581	0.95	0.85	1.0031675419825124e+18	206100715889860.88	1.0035797434142922e+18	17723811440.0
1.2145415634324581	0.95	0.95	2.8674907934891187e+18	178762266569201.3	2.8678483180222577e+18	17729710004.0
1.789005901039341	0.95	0.55	1.4398069296619758e+18	1199942203124892.2	1.4422068140682255e+18	38149591818.0
1.789005901039341	0.95	0.65	-3.3807401736151404e+18	1633069825292699.8	3.3840063132657254e+18	38504993644.0
1.789005901039341	0.95	0.75	3.7546488214777564e+18	1365371119923604.5	3.7573795637176044e+18	38481917620.0
1.789005901039341	0.95	0.85	-2.9496776603610414e+18	1426425284850898.5	2.9525305109307443e+18	38466635398.0
1.789005901039341	0.95	0.95	-9.731845806748411e+17	1373657030114365.8	9.7593189473507e+17	38487023236.0
2.635185332734453	0.95	0.55	-5.455666723132901e+17	8531382111351413.0	5.626294365359928e+17	82704970062.0
2.635185332734453	0.95	0.65	5.474639817848722e+18	8374932144163408.0	5.491389682137049e+18	83054026426.0
2.635185332734453	0.95	0.75	-1.0607572935427356e+18	1.071098649003625e+16	1.0821792665228084e+18	83038057178.0
2.635185332734453	0.95	0.85	-1.5334376647135044e+19	9594685618807812.0	1.5353566018372655e+19	83043735294.0
2.635185332734453	0.95	0.95	3.1078644454179422e+19	1.0542740054803728e+16	3.109972993428904e+19	83042307022.0
3.8815980058112114	0.95	0.55	1.2223082549791875e+19	6.097382571843871e+16	1.2345030201228757e+19	178386061328.0
3.8815980058112114	0.95	0.65	-8.277188346562719e+18	7.410390812596254e+16	8.425396162814643e+18	178849459436.0
3.8815980058112114	0.95	0.75	1.9447938760603947e+19	7.083313718912089e+16	1.95896050349822e+19	178715821844.0
3.8815980058112114	0.95	0.85	7.851290903043881e+19	6.24497221207297e+16	7.863780847468026e+19	178823682122.0
3.8815980058112114	0.95	0.95	-1.867017933078926e+20	6.058007422996013e+16	1.868229534563525e+20	178777690530.0
